NUMPOLLIES 8 

// Door1  
7 -0.5  0.0  -2.5 1.5 0.0
7 -0.5  1.50  -2.5 1.5 1.0
7 0.5  0.0  -2.5 0.5 0.0
7 0.5  0.0  -2.5 0.5 0.0
7  0.5  1.50  -2.5 0.5 1.0
7 -0.5  1.50  -2.5 1.5 1.0

// Door2  
7 -0.5  0.0  2.5 1.5 0.0
7 -0.5  1.50  2.5 1.5 1.0
7 0.5  0.0  2.5 0.5 0.0
7 0.5  0.0  2.5 0.5 0.0
7  0.5  1.50  2.5 0.5 1.0
7 -0.5  1.50  2.5 1.5 1.0

// Door3  
7 -2.5 0.0 -0.5 1.5 0.0
7 -2.5 1.50  -0.5 1.5  1.0
7 -2.5 0.0   0.5 0.5 0.0
7 -2.5 0.0   0.5 0.5 0.0
7 -2.5 1.50  -0.5 1.5  1.0
7 -2.5 1.50  0.5 0.5 1.0

// Door4
7 2.5 0.0 -0.5 1.5 0.0
7 2.5 1.50  -0.5 1.5 1.0
7 2.5 0.0   0.5 0.5 0.0
7 2.5 0.0   0.5 0.5 0.0
7 2.5 1.50  -0.5 1.5 1.0
7 2.5 1.50  0.5 0.5 1.0