
NUMPOLLIES 40

// Floor 1
//1 -3.0  0.0 -3.0 0.0 6.0
//1 -3.0  0.0  3.0 0.0 0.0
//1  3.0  0.0  3.0 6.0 0.0
//1 -3.0  0.0 -3.0 0.0 6.0
//1  3.0  0.0 -3.0 6.0 6.0
//1  3.0  0.0  3.0 6.0 0.0


// Water
// texname, x, y, z, u, v
//6 -100.0  -1.5 -100.0 0.0 6.0
//6 -100.0  -1.5  100.0 0.0 0.0
//6 100.0  -1.5  100.0 6.0 0.0
//6 -100.0  -1.5 -100.0 0.0 6.0
//6  100.0  -1.5 -100.0 6.0 6.0
//6  100.0  -1.5  100.0 6.0 0.0


// Ceiling 1
//2 -50.0  35 -50.0 0.0 6.0
//2 -50.0  35  50.0 0.0 0.0
//2 50.0  35  50.0 6.0 0.0
//2 -50.0  35 -50.0 0.0 6.0
//2  50.0  35 -50.0 6.0 6.0
//2  50.0  35  50.0 6.0 0.0

// A1
3 -2.0  1.0  -2.0 0.0 1.0
3 -2.0  0.0  -2.0 0.0 0.0
3 -0.5  0.0  -2.0 1.5 0.0
3 -2.0  1.0  -2.0 0.0 1.0
3 -0.5  1.0  -2.0 1.5 1.0
3 -0.5  0.0  -2.0 1.5 0.0

// A2
4 2.0  1.0  -2.0 2.0 1.0
4  2.0  0.0  -2.0 2.0 0.0
4 0.5  0.0  -2.0 0.5 0.0
4  2.0  1.0  -2.0 2.0 1.0
4 0.5  1.0  -2.0 0.5 1.0
4 0.5  0.0  -2.0 0.5 0.0

// Door1  
7 -0.5  0.0  -2.5 1.5 0.0
7 -0.5  1.0  -2.5 1.5 1.0
7 0.5  0.0  -2.5 0.5 0.0
7 0.5  0.0  -2.5 0.5 0.0
7  0.5  1.0  -2.5 0.5 1.0
7 -0.5  1.0  -2.5 1.5 1.0

// B1
4 -2.0  1.0  2.0 2.0  1.0
4 -2.0  0.0   2.0 2.0 0.0
4 -0.5  0.0   2.0 0.5 0.0
4 -2.0  1.0  2.0 2.0  1.0
4 -0.5  1.0  2.0 0.5  1.0
4 -0.5  0.0   2.0 0.5 0.0

// B2
4 2.0  1.0  2.0 2.0  1.0
4 2.0  0.0   2.0 2.0 0.0
4 0.5  0.0   2.0 0.5 0.0
4 2.0  1.0  2.0 2.0  1.0
4 0.5  1.0  2.0 0.5  1.0
4 0.5  0.0   2.0 0.5 0.0

// Door2  
7 -0.5  0.0  2.5 1.5 0.0
7 -0.5  1.0  2.5 1.5 1.0
7 0.5  0.0  2.5 0.5 0.0
7 0.5  0.0  2.5 0.5 0.0
7  0.5  1.0  2.5 0.5 1.0
7 -0.5  1.0  2.5 1.5 1.0

// C1
4 -2.0  1.0  -2.0 0.0  1.0
4 -2.0  0.0   -2.0 0.0 0.0
4 -2.0  0.0   -0.5 1.5 0.0
4 -2.0  1.0  -2.0 0.0  1.0
4 -2.0  1.0  -0.5 1.5  1.0
4 -2.0  0.0   -0.5 1.5 0.0

// C2
4 -2.0  1.0   2.0 2.0 1.0
4 -2.0  0.0   2.0 2.0 0.0
4 -2.0  0.0   0.5 0.5 0.0
4 -2.0  1.0  2.0 2.0 1.0
4 -2.0  1.0  0.5 0.5 1.0
4 -2.0  0.0   0.5 0.5 0.0

// Door3  
7 -2.5 0.0 -0.5 1.5 0.0
7 -2.5 1.0  -0.5 1.5  1.0
7 -2.5 0.0   0.5 0.5 0.0
7 -2.5 0.0   0.5 0.5 0.0
7 -2.5 1.0  -0.5 1.5  1.0
7 -2.5 1.0  0.5 0.5 1.0

// D1
4 2.0  1.0  -2.0 0.0 1.0
4 2.0  0.0   -2.0 0.0 0.0
4 2.0  0.0   -0.5 1.5 0.0
4 2.0  1.0  -2.0 0.0 1.0
4 2.0  1.0  -0.5 1.5 1.0
4 2.0  0.0   -0.5 1.5 0.0

// D2
4 2.0  1.0  2.0 2.0 1.0
4 2.0  0.0   2.0 2.0 0.0
4 2.0  0.0   0.5 0.5 0.0
4 2.0  1.0  2.0 2.0 1.0
4 2.0  1.0  0.5 0.5 1.0
4 2.0  0.0   0.5 0.5 0.0



// Upper hallway - L
5 -0.5  1.0  -3.0 0.0 1.0
5 -0.5  0.0   -3.0 0.0 0.0
5 -0.5  0.0   -2.0 1.0 0.0
5 -0.5  1.0  -3.0 0.0 1.0
5 -0.5  1.0  -2.0 1.0 1.0
5 -0.5  0.0   -2.0 1.0 0.0

// Upper hallway - R
5 0.5  1.0  -3.0 0.0 1.0
5 0.5  0.0   -3.0 0.0 0.0
5 0.5  0.0   -2.0 1.0 0.0
5 0.5  1.0  -3.0 0.0 1.0
5 0.5  1.0  -2.0 1.0 1.0
5 0.5  0.0   -2.0 1.0 0.0

// Lower hallway - L
5 -0.5  1.0  3.0 0.0 1.0
5 -0.5  0.0   3.0 0.0 0.0
5 -0.5  0.0   2.0 1.0 0.0
5 -0.5  1.0  3.0 0.0 1.0
5 -0.5  1.0  2.0 1.0 1.0
5 -0.5  0.0   2.0 1.0 0.0

// Lower hallway - R
5 0.5  1.0  3.0 0.0 1.0
5 0.5  0.0   3.0 0.0 0.0
5 0.5  0.0   2.0 1.0 0.0
5 0.5  1.0  3.0 0.0 1.0
5 0.5  1.0  2.0 1.0 1.0
5 0.5  0.0   2.0 1.0 0.0


// Left hallway - Lw
5 -3.0  1.0  0.5 1.0 1.0
5 -3.0  0.0   0.5 1.0 0.0
5 -2.0  0.0   0.5 0.0 0.0
5 -3.0  1.0  0.5 1.0 1.0
5 -2.0  1.0  0.5 0.0 1.0
5 -2.0  0.0   0.5 0.0 0.0

// Left hallway - Hi
5 -3.0  1.0  -0.5 1.0 1.0
5 -3.0  0.0   -0.5 1.0 0.0
5 -2.0  0.0   -0.5 0.0 0.0
5 -3.0  1.0  -0.5 1.0 1.0
5 -2.0  1.0  -0.5 0.0 1.0
5 -2.0  0.0   -0.5 0.0 0.0

// Right hallway - Lw
5 3.0  1.0  0.5 1.0 1.0
5 3.0  0.0   0.5 1.0 0.0
5 2.0  0.0   0.5 0.0 0.0
5 3.0  1.0  0.5 1.0 1.0
5 2.0  1.0  0.5 0.0 1.0
5 2.0  0.0   0.5 0.0 0.0

// Right hallway - Hi
5 3.0  1.0  -0.5 1.0 1.0
5 3.0  0.0   -0.5 1.0 0.0
5 2.0  0.0   -0.5 0.0 0.0
5 3.0  1.0  -0.5 1.0 1.0
5 2.0  1.0 -0.5 0.0 1.0
5 2.0  0.0   -0.5 0.0 0.0

// Passage
1 3 0.0 -0.5 0 6.0
1 9 0.0  -0.5 0 0
1 9 0.0   0.5 6 0.0
1 9 0.0   0.5 0 6.0
1 3 0.0 -0.5 6 6.0
1 3 0.0  0.5 6 0.0
