NUMPOLLIES 32

// A1
3 -2.0  1.50  -2.0 0.0 2.0
3 -2.0  0.0  -2.0 0.0 0.0
3 -0.5  0.0  -2.0 1.5 0.0
3 -2.0  1.50  -2.0 0.0 2.0
3 -0.5  1.50  -2.0 1.5 2.0
3 -0.5  0.0  -2.0 1.5 0.0

// A2
3 2.0  1.50  -2.0 2.0 2.0
3  2.0  0.0  -2.0 2.0 0.0
3 0.5  0.0  -2.0 0.5 0.0
3  2.0  1.50  -2.0 2.0 2.0
3 0.5  1.50  -2.0 0.5 2.0
3 0.5  0.0  -2.0 0.5 0.0


// B1
3 -2.0  1.50  2.0 2.0  2.0
3 -2.0  0.0   2.0 2.0 0.0
3 -0.5  0.0   2.0 0.5 0.0
3 -2.0  1.50  2.0 2.0  2.0
3 -0.5  1.50  2.0 0.5  2.0
3 -0.5  0.0   2.0 0.5 0.0

// B2
3 2.0  1.50  2.0 2.0  2.0
3 2.0  0.0   2.0 2.0 0.0
3 0.5  0.0   2.0 0.5 0.0
3 2.0  1.50  2.0 2.0  2.0
3 0.5  1.50  2.0 0.5  2.0
3 0.5  0.0   2.0 0.5 0.0

// C1
3 -2.0  1.50  -2.0 0.0  2.0
3 -2.0  0.0   -2.0 0.0 0.0
3 -2.0  0.0   -0.5 1.5 0.0
3 -2.0  1.50  -2.0 0.0  2.0
3 -2.0  1.50  -0.5 1.5  2.0
3 -2.0  0.0   -0.5 1.5 0.0

// C2
3 -2.0  1.50   2.0 2.0 2.0
3 -2.0  0.0   2.0 2.0 0.0
3 -2.0  0.0   0.5 0.5 0.0
3 -2.0  1.50  2.0 2.0 2.0
3 -2.0  1.50  0.5 0.5 2.0
3 -2.0  0.0   0.5 0.5 0.0


// D1
3 2.0  1.50  -2.0 0.0 2.0
3 2.0  0.0   -2.0 0.0 0.0
3 2.0  0.0   -0.5 1.5 0.0
3 2.0  1.50  -2.0 0.0 2.0
3 2.0  1.50  -0.5 1.5 2.0
3 2.0  0.0   -0.5 1.5 0.0

// D2
3 2.0  1.50  2.0 2.0 2.0
3 2.0  0.0   2.0 2.0 0.0
3 2.0  0.0   0.5 0.5 0.0
3 2.0  1.50  2.0 2.0 2.0
3 2.0  1.50  0.5 0.5 2.0
3 2.0  0.0   0.5 0.5 0.0

// Upper hallway - L
3 -0.5  1.50  -3.0 0.0 2.0
3 -0.5  0.0   -3.0 0.0 0.0
3 -0.5  0.0   -2.0 1.0 0.0
3 -0.5  1.50  -3.0 0.0 2.0
3 -0.5  1.50  -2.0 1.0 2.0
3 -0.5  0.0   -2.0 1.0 0.0

// Upper hallway - R
3 0.5  1.50  -3.0 0.0 2.0
3 0.5  0.0   -3.0 0.0 0.0
3 0.5  0.0   -2.0 1.0 0.0
3 0.5  1.50  -3.0 0.0 2.0
3 0.5  1.50  -2.0 1.0 2.0
3 0.5  0.0   -2.0 1.0 0.0

// Lower hallway - L
3 -0.5  1.50  3.0 0.0 2.0
3 -0.5  0.0   3.0 0.0 0.0
3 -0.5  0.0   2.0 1.0 0.0
3 -0.5  1.50  3.0 0.0 2.0
3 -0.5  1.50  2.0 1.0 2.0
3 -0.5  0.0   2.0 1.0 0.0

// Lower hallway - R
3 0.5  1.50  3.0 0.0 2.0
3 0.5  0.0   3.0 0.0 0.0
3 0.5  0.0   2.0 1.0 0.0
3 0.5  1.50  3.0 0.0 2.0
3 0.5  1.50  2.0 1.0 2.0
3 0.5  0.0   2.0 1.0 0.0


// Left hallway - Lw
3 -3.0  1.50  0.5 1.0 2.0
3 -3.0  0.0   0.5 1.0 0.0
3 -2.0  0.0   0.5 0.0 0.0
3 -3.0  1.50  0.5 1.0 2.0
3 -2.0  1.50  0.5 0.0 2.0
3 -2.0  0.0   0.5 0.0 0.0

// Left hallway - Hi
3 -3.0  1.50  -0.5 1.0 2.0
3 -3.0  0.0   -0.5 1.0 0.0
3 -2.0  0.0   -0.5 0.0 0.0
3 -3.0  1.50  -0.5 1.0 2.0
3 -2.0  1.50  -0.5 0.0 2.0
3 -2.0  0.0   -0.5 0.0 0.0

// Right hallway - Lw
3 3.0  1.50  0.5 1.0 2.0
3 3.0  0.0   0.5 1.0 0.0
3 2.0  0.0   0.5 0.0 0.0
3 3.0  1.50  0.5 1.0 2.0
3 2.0  1.50  0.5 0.0 2.0
3 2.0  0.0   0.5 0.0 0.0

// Right hallway - Hi
3 3.0  1.50  -0.5 1.0 2.0
3 3.0  0.0   -0.5 1.0 0.0
3 2.0  0.0   -0.5 0.0 0.0
3 3.0  1.50  -0.5 1.0 2.0
3 2.0  1.50 -0.5 0.0 2.0
3 2.0  0.0   -0.5 0.0 0.0

